000003
000018
000044
000049
000111
000133
000193
000208
000254
000294
000296
000316
000368
000371
000380
000389
000390
000412
000418
000424
000447
000520
000534
000598
000607
000608
000617
000661
000680
000710
000715
000719
000726
000742
000747
000786
000828
000868
000886
000905
000924
000941
000946
000959
000987
001005
001028
001031
001057
001064
001090
001151
001170
001175
001205
001215
001227
001282
001313
001366
001371
001400
001426
001436
001444
001449
001454
001460
001493
001510
001515
001518
001520
001578
001618
001624
001638
001648
001649
001673
001685
001692
001747
001754
001805
001815
001826
001832
001839
001841
001874
001901
001958
001962
001974
002015
002018
002031
002063
002099
002104
002109
002117
002122
002132
002147
002171
002184
002203
002208
002240
002256
002259
002323
002324
002333
002343
002349
002394
002395
002409
002443
002469
002527
002595
002632
002634
002652
002654
002664
002687
002703
002704
002719
002751
002768
002779
002785
002798
002813
002822
002829
002838
002862
002874
002910
002926
002936
002972
002996
002998
003017
003139
003158
003168
003186
003196
003198
003208
003213
003218
003244
003262
003291
003336
003362
003377
003388
003427
003500
003508
003545
003546
003551
003578
003595
003596
003642
003654
003657
003670
003674
003695
003722
003725
003730
003765
003810
003829
003855
003863
003876
003944
003952
003954
003978
003993
004014
004015
004037
004047
004056
004060
004070
004086
004099
004178
004180
004183
004204
004208
004218
004225
004273
004296
004358
004442
004449
004455
004471
004476
004504
004535
004555
004597
004614
004643
004653
004661
004757
004775
004779
004840
004842
004870
004883
004897
004915
004925
004950
004968
005005
005018
005023
005030
005046
005060
005076
005106
005137
005173
005203
005210
005216
005224
005232
005235
005238
005252
005257
005266
005277
005281
005293
005301
005370
005401
005417
005435
005446
005468
005480
005490
005500
005508
005530
005537
005591
005597
005645
005692
005702
005716
005721
005723
005732
005753
005770
005779
005792
005824
005832
005846
005871
005888
005890
005891
005915
005936
005937
005946
005954
006006
006022
006055
006089
006094
006099
006105
006113
006119
006145
006191
006225
006226
006253
006277
006289
006358
006389
006502
006527
006547
006554
006580
006599
006617
006648
006652
006681
006687
006697
006716
006795
006801
006805
006827
006835
006839
006842
006851
006890
006909
006918
006974
006983
007001
007024
007051
007064
007094
007099
007111
007129
007147
007151
007173
007203
007285
007297
007305
007314
007362
007367
007368
007379
007399
007425
007429
007471
007479
